
    Variable |        Obs        Mean    Std. Dev.       Min        Max
-------------+---------------------------------------------------------
         LEV |     39,642    .4593984    1.290289   -.194698   178.3455
         ROA |     39,642    .0296354    .7281915  -51.94684   108.3657
         ROE |     39,642    .0324347    4.443581  -207.3971   713.2036
        SIZE |     39,642    22.20569    1.532432   11.34833   31.31009
         SOE |     39,642    .3613339    .4803931          0          1
-------------+---------------------------------------------------------
        CFO1 |     39,642    .0431575    .1021166  -10.21623   2.221612
